{
 "cells": [
  {
   "cell_type": "code",
   "execution_count": null,
   "id": "e92ccf60",
   "metadata": {},
   "outputs": [],
   "source": [
    "import pandas as pd\n",
    "import torch\n",
    "import numpy as np\n",
    "from sklearn.model_selection import train_test_split\n",
    "from sklearn.metrics import classification_report, roc_auc_score\n",
    "from imblearn.over_sampling import SMOTE\n",
    "import xgboost as xgb\n",
    "from sklearn.ensemble import RandomForestClassifier\n",
    "from sklearn.linear_model import LogisticRegression\n",
    "from lightgbm import LGBMClassifier\n",
    "from tabpfn import TabPFNClassifier\n",
    "from catboost import CatBoostClassifier\n",
    "import matplotlib.pyplot as plt\n",
    "import seaborn as sns\n",
    "import shap\n",
    "import joblib\n",
    "import os\n",
    "import pickle"
   ]
  },
  {
   "cell_type": "code",
   "execution_count": 2,
   "id": "331bf2ec",
   "metadata": {},
   "outputs": [
    {
     "name": "stdout",
     "output_type": "stream",
     "text": [
      "['Temp_C', 'Urine', 'Vasopressor_NE', 'Loop_Diuretic', 'Vasopressor_PE', 'Insulin', 'Loop_Diuretic_alt', 'Insulin_alt', 'Vasopressin', 'Extubation_flag']\n"
     ]
    }
   ],
   "source": [
    "df = pd.read_csv(\"encoded_clean_data.csv\")\n",
    "\n",
    "missing_ratio = df.isnull().mean()\n",
    "\n",
    "# threshold 0.5\n",
    "columns_to_drop = missing_ratio[missing_ratio > 0.5].index\n",
    "print(list(columns_to_drop))\n",
    "\n",
    "df = df.drop(columns=columns_to_drop)\n",
    "df = df.drop(columns=[\"discharge_location\"])\n",
    "df = df.dropna()\n",
    "# df.to_csv('encoded_clean_data2.csv', index=False)"
   ]
  },
  {
   "cell_type": "markdown",
   "id": "dc8044bd",
   "metadata": {},
   "source": [
    "1. Case 1: On LACE scores only"
   ]
  },
  {
   "cell_type": "code",
   "execution_count": 3,
   "id": "a904f911",
   "metadata": {},
   "outputs": [],
   "source": [
    "features1 = ['Length', 'Acuity', 'Comorbidity', 'E', 'LACE']\n",
    "target = 'readmitted'\n",
    "df1 = df[features1 + [target]].dropna()\n",
    "X1 = df1[features1]\n",
    "y1 = df1[target]\n",
    "X1_train, X1_test, y1_train, y1_test = train_test_split(X1, y1, test_size=0.3, random_state=42)\n",
    "X1_train_resampled, y1_train_resampled = SMOTE(random_state=42).fit_resample(X1_train, y1_train)"
   ]
  },
  {
   "cell_type": "code",
   "execution_count": 5,
   "id": "7bb25383",
   "metadata": {},
   "outputs": [
    {
     "name": "stdout",
     "output_type": "stream",
     "text": [
      "              Model  Precision   Recall  F1-score  Accuracy  ROC AUC\n",
      "            XGBoost   0.658885 0.629426  0.635266  0.629426 0.688588\n",
      "      Random Forest   0.658895 0.629553  0.635390  0.629553 0.688519\n",
      "Logistic Regression   0.647620 0.626637  0.632127  0.626637 0.675283\n",
      "           LightGBM   0.658631 0.635989  0.641479  0.635989 0.689211\n",
      "           CatBoost   0.659282 0.629236  0.635082  0.629236 0.688616\n",
      "           TabPFNv2   0.654034 0.646134  0.649140  0.646134 0.686187\n"
     ]
    }
   ],
   "source": [
    "results = {}\n",
    "\n",
    "model_xgb1 = xgb.XGBClassifier(\n",
    "    scale_pos_weight=len(y1_train_resampled[y1_train_resampled == 0]) / len(y1_train_resampled[y1_train_resampled == 1]),\n",
    "    eval_metric='logloss',\n",
    ")\n",
    "model_xgb1.fit(X1_train_resampled, y1_train_resampled)\n",
    "y_pred = model_xgb1.predict(X1_test)\n",
    "y_prob = model_xgb1.predict_proba(X1_test)[:, 1]\n",
    "results[\"XGBoost\"] = (classification_report(y1_test, y_pred, output_dict=True), roc_auc_score(y1_test, y_prob))\n",
    "\n",
    "model_rf1 = RandomForestClassifier(random_state=42)\n",
    "model_rf1.fit(X1_train_resampled, y1_train_resampled)\n",
    "y_pred = model_rf1.predict(X1_test)\n",
    "y_prob = model_rf1.predict_proba(X1_test)[:, 1]\n",
    "results[\"Random Forest\"] = (classification_report(y1_test, y_pred, output_dict=True), roc_auc_score(y1_test, y_prob))\n",
    "\n",
    "model_lr1 = LogisticRegression(max_iter=1000, solver='liblinear')\n",
    "model_lr1.fit(X1_train_resampled, y1_train_resampled)\n",
    "y_pred = model_lr1.predict(X1_test)\n",
    "y_prob = model_lr1.predict_proba(X1_test)[:, 1]\n",
    "results[\"Logistic Regression\"] = (classification_report(y1_test, y_pred, output_dict=True), roc_auc_score(y1_test, y_prob))\n",
    "\n",
    "model_lgb1 = LGBMClassifier(random_state=42, class_weight='balanced', verbose=-1)\n",
    "model_lgb1.fit(X1_train_resampled, y1_train_resampled)\n",
    "y_pred = model_lgb1.predict(X1_test)\n",
    "y_prob = model_lgb1.predict_proba(X1_test)[:, 1]\n",
    "results[\"LightGBM\"] = (classification_report(y1_test, y_pred, output_dict=True), roc_auc_score(y1_test, y_prob))\n",
    "\n",
    "model_cat1 = CatBoostClassifier(iterations=1000, learning_rate=0.1, depth=6, verbose=0, random_state=42)\n",
    "model_cat1.fit(X1_train_resampled, y1_train_resampled)\n",
    "y_pred = model_cat1.predict(X1_test)\n",
    "y_prob = model_cat1.predict_proba(X1_test)[:, 1]\n",
    "results[\"CatBoost\"] = (classification_report(y1_test, y_pred, output_dict=True), roc_auc_score(y1_test, y_prob))\n",
    "\n",
    "X_tabpfn = X1_train_resampled[:10000].values\n",
    "y_tabpfn = y1_train_resampled[:10000].values\n",
    "model_tabpfn1 = TabPFNClassifier(\n",
    "    device=\"cuda\" if torch.cuda.is_available() else \"cpu\",\n",
    "    ignore_pretraining_limits=True\n",
    ")\n",
    "model_tabpfn1.fit(X_tabpfn, y_tabpfn)\n",
    "y_prob = model_tabpfn1.predict_proba(X1_test.values)[:, 1]\n",
    "y_pred = (y_prob > 0.4).astype(int)\n",
    "results[\"TabPFNv2\"] = (classification_report(y1_test, y_pred, output_dict=True), roc_auc_score(y1_test, y_prob))\n",
    "\n",
    "summary_rows = []\n",
    "for model_name, (report, auc) in results.items():\n",
    "    wa = report[\"weighted avg\"]\n",
    "    summary_rows.append({\n",
    "        \"Model\": model_name,\n",
    "        \"Precision\": wa[\"precision\"],\n",
    "        \"Recall\": wa[\"recall\"],\n",
    "        \"F1-score\": wa[\"f1-score\"],\n",
    "        \"Accuracy\": report[\"accuracy\"],\n",
    "        \"ROC AUC\": auc\n",
    "    })\n",
    "\n",
    "df_summary_case1 = pd.DataFrame(summary_rows)\n",
    "print(df_summary_case1.to_string(index=False))\n",
    "\n",
    "# save models\n",
    "joblib.dump(model_xgb1, \"saved_models/model_xgb1.pkl\")\n",
    "joblib.dump(model_rf1, \"saved_models/model_rf1.pkl\")\n",
    "joblib.dump(model_lr1, \"saved_models/model_lr1.pkl\")\n",
    "joblib.dump(model_lgb1, \"saved_models/model_lgb1.pkl\")\n",
    "joblib.dump(model_cat1, \"saved_models/model_cat1.pkl\")\n",
    "\n",
    "with open(\"saved_models/model_tabpfn1.pkl\", \"wb\") as f:\n",
    "    pickle.dump(model_tabpfn1, f)"
   ]
  },
  {
   "cell_type": "markdown",
   "id": "25e68683",
   "metadata": {},
   "source": [
    "2. Case 2: On all the features including LACE scores"
   ]
  },
  {
   "cell_type": "code",
   "execution_count": 6,
   "id": "66cb6ea7",
   "metadata": {},
   "outputs": [],
   "source": [
    "target = 'readmitted'\n",
    "df2 = df.drop(columns=[\"hadm_id\", \"los\", \"admission_type\", \"E_origin\"]).iloc[:, :-17]\n",
    "df2 = df2.dropna()\n",
    "X2 = df2.drop(columns=[target])\n",
    "y2 = df2[target]\n",
    "X2_train, X2_test, y2_train, y2_test = train_test_split(X2, y2, test_size=0.3, random_state=42)\n",
    "X2_train_resampled, y2_train_resampled = SMOTE(random_state=42).fit_resample(X2_train, y2_train)"
   ]
  },
  {
   "cell_type": "code",
   "execution_count": 7,
   "id": "7962598e",
   "metadata": {},
   "outputs": [
    {
     "name": "stdout",
     "output_type": "stream",
     "text": [
      "              Model  Precision   Recall  F1-score  Accuracy  ROC AUC\n",
      "            XGBoost   0.768121 0.771423  0.766296  0.771423 0.816458\n",
      "      Random Forest   0.831185 0.831627  0.828294  0.831627 0.900227\n",
      "Logistic Regression   0.684245 0.691025  0.685713  0.691025 0.724787\n",
      "           LightGBM   0.736121 0.740164  0.736944  0.740164 0.785101\n",
      "           CatBoost   0.786899 0.788606  0.782906  0.788606 0.831102\n",
      "           TabPFNv2   0.702986 0.697302  0.699467  0.697302 0.749976\n"
     ]
    }
   ],
   "source": [
    "results2 = {}\n",
    "\n",
    "model_xgb2 = xgb.XGBClassifier(\n",
    "    scale_pos_weight=len(y2_train_resampled[y2_train_resampled == 0]) / len(y2_train_resampled[y2_train_resampled == 1]),\n",
    "    eval_metric='logloss'\n",
    ")\n",
    "model_xgb2.fit(X2_train_resampled, y2_train_resampled)\n",
    "y2_pred = model_xgb2.predict(X2_test)\n",
    "y2_prob = model_xgb2.predict_proba(X2_test)[:, 1]\n",
    "results2[\"XGBoost\"] = (classification_report(y2_test, y2_pred, output_dict=True), roc_auc_score(y2_test, y2_prob))\n",
    "\n",
    "model_rf2 = RandomForestClassifier(random_state=42)\n",
    "model_rf2.fit(X2_train_resampled, y2_train_resampled)\n",
    "y2_pred = model_rf2.predict(X2_test)\n",
    "y2_prob = model_rf2.predict_proba(X2_test)[:, 1]\n",
    "results2[\"Random Forest\"] = (classification_report(y2_test, y2_pred, output_dict=True), roc_auc_score(y2_test, y2_prob))\n",
    "\n",
    "model_lr2 = LogisticRegression(max_iter=1000, solver='liblinear')\n",
    "model_lr2.fit(X2_train_resampled, y2_train_resampled)\n",
    "y2_pred = model_lr2.predict(X2_test)\n",
    "y2_prob = model_lr2.predict_proba(X2_test)[:, 1]\n",
    "results2[\"Logistic Regression\"] = (classification_report(y2_test, y2_pred, output_dict=True), roc_auc_score(y2_test, y2_prob))\n",
    "\n",
    "model_lgb2 = LGBMClassifier(random_state=42, class_weight='balanced', verbose=-1)\n",
    "model_lgb2.fit(X2_train_resampled, y2_train_resampled)\n",
    "y2_pred = model_lgb2.predict(X2_test)\n",
    "y2_prob = model_lgb2.predict_proba(X2_test)[:, 1]\n",
    "results2[\"LightGBM\"] = (classification_report(y2_test, y2_pred, output_dict=True), roc_auc_score(y2_test, y2_prob))\n",
    "\n",
    "model_cat2 = CatBoostClassifier(iterations=1000, learning_rate=0.1, depth=6, verbose=0, random_state=42)\n",
    "model_cat2.fit(X2_train_resampled, y2_train_resampled)\n",
    "y2_pred = model_cat2.predict(X2_test)\n",
    "y2_prob = model_cat2.predict_proba(X2_test)[:, 1]\n",
    "results2[\"CatBoost\"] = (classification_report(y2_test, y2_pred, output_dict=True), roc_auc_score(y2_test, y2_prob))\n",
    "\n",
    "X2_tabpfn = X2_train_resampled[:10000].values\n",
    "y2_tabpfn = y2_train_resampled[:10000].values\n",
    "model_tabpfn2 = TabPFNClassifier(\n",
    "    device=\"cuda\" if torch.cuda.is_available() else \"cpu\",\n",
    "    ignore_pretraining_limits=True\n",
    ")\n",
    "model_tabpfn2.fit(X2_tabpfn, y2_tabpfn)\n",
    "y2_prob = model_tabpfn2.predict_proba(X2_test.values)[:, 1]\n",
    "y2_pred = (y2_prob > 0.4).astype(int)\n",
    "results2[\"TabPFNv2\"] = (classification_report(y2_test, y2_pred, output_dict=True), roc_auc_score(y2_test, y2_prob))\n",
    "\n",
    "summary_rows2 = []\n",
    "for model_name, (report, auc) in results2.items():\n",
    "    wa = report[\"weighted avg\"]\n",
    "    summary_rows2.append({\n",
    "        \"Model\": model_name,\n",
    "        \"Precision\": wa[\"precision\"],\n",
    "        \"Recall\": wa[\"recall\"],\n",
    "        \"F1-score\": wa[\"f1-score\"],\n",
    "        \"Accuracy\": report[\"accuracy\"],\n",
    "        \"ROC AUC\": auc\n",
    "    })\n",
    "\n",
    "df_summary_case2 = pd.DataFrame(summary_rows2)\n",
    "print(df_summary_case2.to_string(index=False))\n",
    "\n",
    "# save models\n",
    "joblib.dump(model_xgb2, \"saved_models/model_xgb2.pkl\")\n",
    "joblib.dump(model_rf2, \"saved_models/model_rf2.pkl\")\n",
    "joblib.dump(model_lr2, \"saved_models/model_lr2.pkl\")\n",
    "joblib.dump(model_lgb2, \"saved_models/model_lgb2.pkl\")\n",
    "joblib.dump(model_cat2, \"saved_models/model_cat2.pkl\")\n",
    "\n",
    "with open(\"saved_models/model_tabpfn2.pkl\", \"wb\") as f:\n",
    "    pickle.dump(model_tabpfn2, f)"
   ]
  },
  {
   "cell_type": "markdown",
   "id": "0409afd9",
   "metadata": {},
   "source": [
    "3. Case 3: On all the features including LACE features, but with their actual values"
   ]
  },
  {
   "cell_type": "code",
   "execution_count": 8,
   "id": "c39a51c1",
   "metadata": {},
   "outputs": [],
   "source": [
    "target = 'readmitted'\n",
    "df3 = df.drop(columns=[\"hadm_id\", \"Length\", \"Acuity\", \"E\", \"Comorbidity\",\"LACE\"])\n",
    "df3 = df3.dropna()\n",
    "X3 = df3.drop(columns=[target])\n",
    "y3 = df3[target]\n",
    "X3_train, X3_test, y3_train, y3_test = train_test_split(X3, y3, test_size=0.3, random_state=42)\n",
    "X3_train_resampled, y3_train_resampled = SMOTE(random_state=42).fit_resample(X3_train, y3_train)"
   ]
  },
  {
   "cell_type": "code",
   "execution_count": 9,
   "id": "62d378f5",
   "metadata": {},
   "outputs": [
    {
     "name": "stdout",
     "output_type": "stream",
     "text": [
      "              Model  Precision   Recall  F1-score  Accuracy  ROC AUC\n",
      "            XGBoost   0.760343 0.764100  0.759714  0.764100 0.810348\n",
      "      Random Forest   0.819813 0.821418  0.818887  0.821418 0.894974\n",
      "Logistic Regression   0.672838 0.669150  0.670735  0.669150 0.704316\n",
      "           LightGBM   0.727584 0.730844  0.728659  0.730844 0.778060\n",
      "           CatBoost   0.781558 0.783787  0.778235  0.783787 0.828365\n"
     ]
    },
    {
     "data": {
      "text/plain": [
       "['saved_models/model_cat3.pkl']"
      ]
     },
     "execution_count": 9,
     "metadata": {},
     "output_type": "execute_result"
    }
   ],
   "source": [
    "results3 = {}\n",
    "\n",
    "model_xgb3 = xgb.XGBClassifier(\n",
    "    scale_pos_weight=len(y3_train_resampled[y3_train_resampled == 0]) / len(y3_train_resampled[y3_train_resampled == 1]),\n",
    "    eval_metric='logloss'\n",
    ")\n",
    "model_xgb3.fit(X3_train_resampled, y3_train_resampled)\n",
    "y3_pred = model_xgb3.predict(X3_test)\n",
    "y3_prob = model_xgb3.predict_proba(X3_test)[:, 1]\n",
    "results3[\"XGBoost\"] = (classification_report(y3_test, y3_pred, output_dict=True), roc_auc_score(y3_test, y3_prob))\n",
    "\n",
    "model_rf3 = RandomForestClassifier(random_state=42)\n",
    "model_rf3.fit(X3_train_resampled, y3_train_resampled)\n",
    "y3_pred = model_rf3.predict(X3_test)\n",
    "y3_prob = model_rf3.predict_proba(X3_test)[:, 1]\n",
    "results3[\"Random Forest\"] = (classification_report(y3_test, y3_pred, output_dict=True), roc_auc_score(y3_test, y3_prob))\n",
    "\n",
    "model_lr3 = LogisticRegression(max_iter=1000, solver='liblinear')\n",
    "model_lr3.fit(X3_train_resampled, y3_train_resampled)\n",
    "y3_pred = model_lr3.predict(X3_test)\n",
    "y3_prob = model_lr3.predict_proba(X3_test)[:, 1]\n",
    "results3[\"Logistic Regression\"] = (classification_report(y3_test, y3_pred, output_dict=True), roc_auc_score(y3_test, y3_prob))\n",
    "\n",
    "model_lgb3 = LGBMClassifier(random_state=42, class_weight='balanced', verbose=-1)\n",
    "model_lgb3.fit(X3_train_resampled, y3_train_resampled)\n",
    "y3_pred = model_lgb3.predict(X3_test)\n",
    "y3_prob = model_lgb3.predict_proba(X3_test)[:, 1]\n",
    "results3[\"LightGBM\"] = (classification_report(y3_test, y3_pred, output_dict=True), roc_auc_score(y3_test, y3_prob))\n",
    "\n",
    "model_cat3 = CatBoostClassifier(iterations=1000, learning_rate=0.1, depth=6, verbose=0, random_state=42)\n",
    "model_cat3.fit(X3_train_resampled, y3_train_resampled)\n",
    "y3_pred = model_cat3.predict(X3_test)\n",
    "y3_prob = model_cat3.predict_proba(X3_test)[:, 1]\n",
    "results3[\"CatBoost\"] = (classification_report(y3_test, y3_pred, output_dict=True), roc_auc_score(y3_test, y3_prob))\n",
    "\n",
    "summary_rows3 = []\n",
    "for model_name, (report, auc) in results3.items():\n",
    "    wa = report[\"weighted avg\"]\n",
    "    summary_rows3.append({\n",
    "        \"Model\": model_name,\n",
    "        \"Precision\": wa[\"precision\"],\n",
    "        \"Recall\": wa[\"recall\"],\n",
    "        \"F1-score\": wa[\"f1-score\"],\n",
    "        \"Accuracy\": report[\"accuracy\"],\n",
    "        \"ROC AUC\": auc\n",
    "    })\n",
    "\n",
    "df_summary_case3 = pd.DataFrame(summary_rows3)\n",
    "print(df_summary_case3.to_string(index=False))\n",
    "\n",
    "# save models\n",
    "joblib.dump(model_xgb3, \"saved_models/model_xgb3.pkl\")\n",
    "joblib.dump(model_rf3, \"saved_models/model_rf3.pkl\")\n",
    "joblib.dump(model_lr3, \"saved_models/model_lr3.pkl\")\n",
    "joblib.dump(model_lgb3, \"saved_models/model_lgb3.pkl\")\n",
    "joblib.dump(model_cat3, \"saved_models/model_cat3.pkl\")"
   ]
  },
  {
   "cell_type": "markdown",
   "id": "c0db02f8",
   "metadata": {},
   "source": [
    "4. Case: All features"
   ]
  },
  {
   "cell_type": "code",
   "execution_count": 10,
   "id": "2c970c4d",
   "metadata": {},
   "outputs": [],
   "source": [
    "target = 'readmitted'\n",
    "df4 = df.drop(columns=[\"hadm_id\"])\n",
    "df4 = df4.dropna()\n",
    "X4 = df4.drop(columns=[target])\n",
    "y4 = df4[target]\n",
    "X4_train, X4_test, y4_train, y4_test = train_test_split(X4, y4, test_size=0.3, random_state=42)\n",
    "X4_train_resampled, y4_train_resampled = SMOTE(random_state=42).fit_resample(X4_train, y4_train)"
   ]
  },
  {
   "cell_type": "code",
   "execution_count": 11,
   "id": "37ee3141",
   "metadata": {},
   "outputs": [
    {
     "name": "stdout",
     "output_type": "stream",
     "text": [
      "              Model  Precision   Recall  F1-score  Accuracy  ROC AUC\n",
      "            XGBoost   0.776812 0.779761  0.775201  0.779761 0.823313\n",
      "      Random Forest   0.835653 0.836033  0.832915  0.836033 0.902621\n",
      "Logistic Regression   0.683448 0.690074  0.684987  0.690074 0.725545\n",
      "           LightGBM   0.743114 0.747234  0.743615  0.747234 0.792621\n",
      "           CatBoost   0.794111 0.795549  0.790290  0.795549 0.839871\n"
     ]
    },
    {
     "data": {
      "text/plain": [
       "['saved_models/model_cat4.pkl']"
      ]
     },
     "execution_count": 11,
     "metadata": {},
     "output_type": "execute_result"
    }
   ],
   "source": [
    "results4 = {}\n",
    "\n",
    "model_xgb4 = xgb.XGBClassifier(\n",
    "    scale_pos_weight=len(y4_train_resampled[y4_train_resampled == 0]) / len(y4_train_resampled[y4_train_resampled == 1]),\n",
    "    eval_metric='logloss'\n",
    ")\n",
    "model_xgb4.fit(X4_train_resampled, y4_train_resampled)\n",
    "y4_pred = model_xgb4.predict(X4_test)\n",
    "y4_prob = model_xgb4.predict_proba(X4_test)[:, 1]\n",
    "results4[\"XGBoost\"] = (classification_report(y4_test, y4_pred, output_dict=True), roc_auc_score(y4_test, y4_prob))\n",
    "\n",
    "model_rf4 = RandomForestClassifier(random_state=42)\n",
    "model_rf4.fit(X4_train_resampled, y4_train_resampled)\n",
    "y4_pred = model_rf4.predict(X4_test)\n",
    "y4_prob = model_rf4.predict_proba(X4_test)[:, 1]\n",
    "results4[\"Random Forest\"] = (classification_report(y4_test, y4_pred, output_dict=True), roc_auc_score(y4_test, y4_prob))\n",
    "\n",
    "model_lr4 = LogisticRegression(max_iter=1000, solver='liblinear')\n",
    "model_lr4.fit(X4_train_resampled, y4_train_resampled)\n",
    "y4_pred = model_lr4.predict(X4_test)\n",
    "y4_prob = model_lr4.predict_proba(X4_test)[:, 1]\n",
    "results4[\"Logistic Regression\"] = (classification_report(y4_test, y4_pred, output_dict=True), roc_auc_score(y4_test, y4_prob))\n",
    "\n",
    "model_lgb4 = LGBMClassifier(random_state=42, class_weight='balanced', verbose=-1)\n",
    "model_lgb4.fit(X4_train_resampled, y4_train_resampled)\n",
    "y4_pred = model_lgb4.predict(X4_test)\n",
    "y4_prob = model_lgb4.predict_proba(X4_test)[:, 1]\n",
    "results4[\"LightGBM\"] = (classification_report(y4_test, y4_pred, output_dict=True), roc_auc_score(y4_test, y4_prob))\n",
    "\n",
    "model_cat4 = CatBoostClassifier(iterations=1000, learning_rate=0.1, depth=6, verbose=0, random_state=42)\n",
    "model_cat4.fit(X4_train_resampled, y4_train_resampled)\n",
    "y4_pred = model_cat4.predict(X4_test)\n",
    "y4_prob = model_cat4.predict_proba(X4_test)[:, 1]\n",
    "results4[\"CatBoost\"] = (classification_report(y4_test, y4_pred, output_dict=True), roc_auc_score(y4_test, y4_prob))\n",
    "\n",
    "summary_rows4 = []\n",
    "for model_name, (report, auc) in results4.items():\n",
    "    wa = report[\"weighted avg\"]\n",
    "    summary_rows4.append({\n",
    "        \"Model\": model_name,\n",
    "        \"Precision\": wa[\"precision\"],\n",
    "        \"Recall\": wa[\"recall\"],\n",
    "        \"F1-score\": wa[\"f1-score\"],\n",
    "        \"Accuracy\": report[\"accuracy\"],\n",
    "        \"ROC AUC\": auc\n",
    "    })\n",
    "\n",
    "df_summary_case4 = pd.DataFrame(summary_rows4)\n",
    "print(df_summary_case4.to_string(index=False))\n",
    "\n",
    "# save models\n",
    "joblib.dump(model_xgb4, \"saved_models/model_xgb4.pkl\")\n",
    "joblib.dump(model_rf4, \"saved_models/model_rf4.pkl\")\n",
    "joblib.dump(model_lr4, \"saved_models/model_lr4.pkl\")\n",
    "joblib.dump(model_lgb4, \"saved_models/model_lgb4.pkl\")\n",
    "joblib.dump(model_cat4, \"saved_models/model_cat4.pkl\")"
   ]
  },
  {
   "cell_type": "markdown",
   "id": "91494759",
   "metadata": {},
   "source": [
    "5. Comparsion"
   ]
  },
  {
   "cell_type": "code",
   "execution_count": 12,
   "id": "c278c0d2",
   "metadata": {},
   "outputs": [
    {
     "name": "stdout",
     "output_type": "stream",
     "text": [
      "  Case               Model  Precision   Recall  F1-score  Accuracy  ROC AUC\n",
      "Case 1            CatBoost   0.659282 0.629236  0.635082  0.629236 0.688616\n",
      "Case 2            CatBoost   0.786899 0.788606  0.782906  0.788606 0.831102\n",
      "Case 3            CatBoost   0.781558 0.783787  0.778235  0.783787 0.828365\n",
      "Case 4            CatBoost   0.794111 0.795549  0.790290  0.795549 0.839871\n",
      "Case 1            LightGBM   0.658631 0.635989  0.641479  0.635989 0.689211\n",
      "Case 2            LightGBM   0.736121 0.740164  0.736944  0.740164 0.785101\n",
      "Case 3            LightGBM   0.727584 0.730844  0.728659  0.730844 0.778060\n",
      "Case 4            LightGBM   0.743114 0.747234  0.743615  0.747234 0.792621\n",
      "Case 1 Logistic Regression   0.647620 0.626637  0.632127  0.626637 0.675283\n",
      "Case 2 Logistic Regression   0.684245 0.691025  0.685713  0.691025 0.724787\n",
      "Case 3 Logistic Regression   0.672838 0.669150  0.670735  0.669150 0.704316\n",
      "Case 4 Logistic Regression   0.683448 0.690074  0.684987  0.690074 0.725545\n",
      "Case 1       Random Forest   0.658895 0.629553  0.635390  0.629553 0.688519\n",
      "Case 2       Random Forest   0.831185 0.831627  0.828294  0.831627 0.900227\n",
      "Case 3       Random Forest   0.819813 0.821418  0.818887  0.821418 0.894974\n",
      "Case 4       Random Forest   0.835653 0.836033  0.832915  0.836033 0.902621\n",
      "Case 1            TabPFNv2   0.654034 0.646134  0.649140  0.646134 0.686187\n",
      "Case 2            TabPFNv2   0.702986 0.697302  0.699467  0.697302 0.749976\n",
      "Case 1             XGBoost   0.658885 0.629426  0.635266  0.629426 0.688588\n",
      "Case 2             XGBoost   0.768121 0.771423  0.766296  0.771423 0.816458\n",
      "Case 3             XGBoost   0.760343 0.764100  0.759714  0.764100 0.810348\n",
      "Case 4             XGBoost   0.776812 0.779761  0.775201  0.779761 0.823313\n",
      "\n",
      "  Case               Model  Precision   Recall  F1-score  Accuracy  ROC AUC\n",
      "Case 1            CatBoost   0.659282 0.629236  0.635082  0.629236 0.688616\n",
      "Case 1            LightGBM   0.658631 0.635989  0.641479  0.635989 0.689211\n",
      "Case 1 Logistic Regression   0.647620 0.626637  0.632127  0.626637 0.675283\n",
      "Case 1       Random Forest   0.658895 0.629553  0.635390  0.629553 0.688519\n",
      "Case 1            TabPFNv2   0.654034 0.646134  0.649140  0.646134 0.686187\n",
      "Case 1             XGBoost   0.658885 0.629426  0.635266  0.629426 0.688588\n",
      "Case 2            CatBoost   0.786899 0.788606  0.782906  0.788606 0.831102\n",
      "Case 2            LightGBM   0.736121 0.740164  0.736944  0.740164 0.785101\n",
      "Case 2 Logistic Regression   0.684245 0.691025  0.685713  0.691025 0.724787\n",
      "Case 2       Random Forest   0.831185 0.831627  0.828294  0.831627 0.900227\n",
      "Case 2            TabPFNv2   0.702986 0.697302  0.699467  0.697302 0.749976\n",
      "Case 2             XGBoost   0.768121 0.771423  0.766296  0.771423 0.816458\n",
      "Case 3            CatBoost   0.781558 0.783787  0.778235  0.783787 0.828365\n",
      "Case 3            LightGBM   0.727584 0.730844  0.728659  0.730844 0.778060\n",
      "Case 3 Logistic Regression   0.672838 0.669150  0.670735  0.669150 0.704316\n",
      "Case 3       Random Forest   0.819813 0.821418  0.818887  0.821418 0.894974\n",
      "Case 3             XGBoost   0.760343 0.764100  0.759714  0.764100 0.810348\n",
      "Case 4            CatBoost   0.794111 0.795549  0.790290  0.795549 0.839871\n",
      "Case 4            LightGBM   0.743114 0.747234  0.743615  0.747234 0.792621\n",
      "Case 4 Logistic Regression   0.683448 0.690074  0.684987  0.690074 0.725545\n",
      "Case 4       Random Forest   0.835653 0.836033  0.832915  0.836033 0.902621\n",
      "Case 4             XGBoost   0.776812 0.779761  0.775201  0.779761 0.823313\n"
     ]
    }
   ],
   "source": [
    "df_summary_case1[\"Case\"] = \"Case 1\"\n",
    "df_summary_case2[\"Case\"] = \"Case 2\"\n",
    "df_summary_case3[\"Case\"] = \"Case 3\"\n",
    "df_summary_case4[\"Case\"] = \"Case 4\"\n",
    "\n",
    "df_summary_all = pd.concat([df_summary_case1, df_summary_case2, df_summary_case3, df_summary_case4], ignore_index=True)\n",
    "cols = [\"Case\"] + [col for col in df_summary_all.columns if col != \"Case\"]\n",
    "df_summary_all = df_summary_all[cols]\n",
    "\n",
    "print(df_summary_all.sort_values(by=[\"Model\", \"Case\"]).to_string(index=False))\n",
    "print()\n",
    "print(df_summary_all.sort_values(by=[\"Case\", \"Model\"]).to_string(index=False))\n",
    "\n",
    "# sorted_by_model = df_summary_all.sort_values(by=[\"Model\", \"Case\"])\n",
    "# sorted_by_case = df_summary_all.sort_values(by=[\"Case\", \"Model\"])\n",
    "\n",
    "# # output\n",
    "# with pd.ExcelWriter(\"model_comparison.xlsx\") as writer:\n",
    "#     sorted_by_model.to_excel(writer, sheet_name=\"By_Model_Case\", index=False)\n",
    "#     sorted_by_case.to_excel(writer, sheet_name=\"By_Case_Model\", index=False)"
   ]
  },
  {
   "cell_type": "code",
   "execution_count": 13,
   "id": "666234ef",
   "metadata": {},
   "outputs": [
    {
     "data": {
